ANPB 121.52920 25.18280 874.5 19010101 21001231
CHGB 121.17400 24.06020 1846.5 19010101 21001231
DYSB 121.40491 24.82082 1000 19010101 21001231
FUSB 121.58753 24.75974 690 19010101 21001231
GWUB 121.11314 24.50588 2159 19010101 21001231
HGSD 121.42390 23.49210 134.8 19010101 21001231
HOPB 121.69293 24.33275 160 19010101 21001231
HWAB 121.60500 23.97700 20 19010101 21001231
JIGB 121.00494 23.96009 680 19010101 21001231
LATB 121.52640 24.53530 1020 19010101 21001231
LXIB 121.41325 24.02114 1327 19010101 21001231
LYUB 121.51210 22.04850 45.3 19010101 21001231
MASB 120.63260 22.61090 105.9 19010101 21001231
NACB 121.59470 24.17380 215 19010101 21001231
NNSB 121.38280 24.42840 1144.5 19010101 21001231
PHUB 119.58010 23.51140 64.8 19010101 21001231
RLNB 120.35940 23.89110 63.1 19010101 21001231
SBCB 120.98540 24.79240 141.5 19010101 21001231
SSLB 120.95400 23.78760 516 19010101 21001231
SXI1 121.87540 25.09420 744.5 19010101 21001231
SYNB 120.98620 23.24820 2352 19010101 21001231
TATO 121.49710 24.97350 110 19010101 21001231
TDCB 121.15830 24.25270 1308.4 19010101 21001231
TPUB 120.62960 23.30050 398.9 19010101 21001231
TWGB 121.07990 22.81770 289.9 19010101 21001231
TWKB 120.81250 21.94090 142.5 19010101 21001231
WARB 121.38625 23.71775 331.4 19010101 21001231
WFSB 121.78160 25.07150 775.3 19010101 21001231
WUSB 121.11750 23.99190 1552.4 19010101 21001231
YHNB 121.37570 24.66950 777.2 19010101 21001231
YULB 121.29710 23.39250 376.1 19010101 21001231
CHKH 121.39570 23.19170 7 19010101 21001231
CHY 120.43250 23.49630 27 19010101 21001231
EAH 121.73930 24.32930 51 19010101 21001231
ECL 120.96170 22.59580 101 19010101 21001231
EDH 121.30390 22.97250 79 19010101 21001231
EGFH 121.42740 23.66880 132 19010101 21001231
EHD 121.20610 23.14880 322 19010101 21001231
EHYH 121.34510 23.49380 168 19010101 21001231
ELD 121.02500 23.18640 1040 19010101 21001231
ENAH 121.81020 24.44940 4 19010101 21001231
ESA 121.84390 24.57570 33 19010101 21001231
ETLH 121.48180 24.20680 969 19010101 21001231
EWT 121.77830 24.44500 37 19010101 21001231
EYUL 121.31910 23.34720 165 19010101 21001231
FUSS 121.24380 24.24760 2247 19010101 21001231
HSN 121.01420 24.82810 34 19010101 21001231
HWA 121.61350 23.97510 16 19010101 21001231
ICHU 120.27930 23.36060 37 19010101 21001231
ILA 121.75630 24.76380 7 19010101 21001231
KSHI 121.17600 24.77660 168 19010101 21001231
LAY 121.55810 22.03730 327 19010101 21001231
LDU 121.46930 22.67330 23 19010101 21001231
LONT 121.12990 22.90640 210 19010101 21001231
NCUH 121.18490 24.96790 153 19010101 21001231
NDS 121.71680 24.63400 150 19010101 21001231
NDT 121.51280 24.60250 439 19010101 21001231
NFF 121.11770 24.63190 655 19010101 21001231
NHDH 121.52500 24.96300 41 19010101 21001231
NMLH 120.79100 24.53720 201 19010101 21001231
NNSH 121.38290 24.42840 1106 19010101 21001231
NTC 121.82970 24.85440 4 19010101 21001231
NTS 121.44920 25.16440 16 19010101 21001231
NWF 121.78160 25.07150 766 19010101 21001231
NWL 121.50250 24.77720 397 19010101 21001231
OWD 121.17590 23.95450 1263 19010101 21001231
PNG 119.56360 23.56530 19 19010101 21001231
SCK 120.08650 23.14670 36 19010101 21001231
SCS 120.49380 22.88560 70 19010101 21001231
SHH 120.34790 23.02130 86 19010101 21001231
SHUL 121.56270 23.78750 35 19010101 21001231
SLG 120.64630 22.99340 255 19010101 21001231
SLIU 120.79900 22.21620 197 19010101 21001231
SMG 120.64480 22.70540 145 19010101 21001231
SMS 120.83700 22.02040 53 19010101 21001231
SNJ 120.33520 22.75330 21 19010101 21001231
SNS 120.49730 23.21980 156 19010101 21001231
SSP 120.56810 22.48350 16 19010101 21001231
STYH 120.78110 23.17940 5 19010101 21001231
TAWH 120.88780 22.33970 36 19010101 21001231
TTN 121.15490 22.75240 9 19010101 21001231
WCHH 120.55830 24.07950 34 19010101 21001231
WCKO 120.60470 23.43850 241 19010101 21001231
WCS 120.91160 24.05660 102 19010101 21001231
WDJ 120.64030 24.34780 107 19010101 21001231
WDLH 120.53810 23.68880 69 19010101 21001231
WHP 120.94580 24.27770 954 19010101 21001231
WHY 120.85320 23.69610 504 19010101 21001231
WJS 120.72790 23.82190 175 19010101 21001231
WLCH 120.37880 22.35080 14 19010101 21001231
WRL 120.37810 23.90260 98 19010101 21001231
WSL 120.22780 23.52260 455 19010101 21001231
WTK 120.38860 23.68770 42 19010101 21001231
ZUZH 121.54470 25.16210 470 19010101 21001231
EOS2 122.2319 24.4189 -945.0 19010101 21001231
EOS3 122.3174 24.2864 -1114.0 19010101 21001231
EOS4 122.3179 24.1208 -2732.0 19010101 21001231
EOS5 122.4304 23.8946 -3622.0 19010101 21001231
EOS6 122.6285 23.4673 -4072.0 19010101 21001231
EOS7 122.8054 22.9924 -5554.0 19010101 21001231
EOS8 122.1877 22.2043 -4802.0 19010101 21001231
EOS9 121.5154 21.5177 -2054.0 19010101 21001231
EOSA 120.4443 21.8034 -636.0 19010101 21001231
SM02 121.6196 23.9999 0 19010101 21001231
SM06 121.5784 23.9312 0 19010101 21001231
SM09 121.6224 24.0293 0 19010101 21001231
SM39 121.5910 24.0389 0 19010101 21001231
